'Shear_Strength (lb)'
5434
5112
4820
5378
5027
4848
4755
5207
5049
4740
5248
5227
4931
5364
5189
4948
5015
5043
5260
5008
5089
4925
5621
4974
5173
5245
5555
4493
5640
4986
4521
4659
4886
5055
4609
5518
5001
4918
4592
4568
4723
5388
5309
5069
4570
4806
4599
5828
4772
5333
4803
5138
4173
5653
5275
5498
5582
5188
4990
4637
5288
5218
5133
5164
4951
4786
5296
5078
5419
4681
4308
5764
5702
5670
5299
4859
5095
5342
5679
4500
4965
4900
5205
5076
4823
5273
5241
4381
4848
4780
4618
5069
5256
5461
5170
4968
4452
4774
4417
5042
