'Rate'
4.6
12.3
7.1
7
4
9.2
6.7
6.9
11.5
5.1
11.2
10.5
14.3
8
8.8
6.4
5.1
5.6
9.6
7.5
7.5
6.2
5.8
2.3
3.4
10.4
9.8
6.6
3.7
6.4
8.3
6.5
7.6
9.3
9.2
7.3
5
6.3
13.8
6.2
5.4
4.8
7.5
6
6.9
10.8
7.5
6.6
5
3.3
7.6
3.9
11.9
2.2
15
7.2
6.1
15.3
18.9
7.2
5.4
5.5
4.3
9
12.7
11.3
7.4
5
3.5
8.2
8.4
7.3
10.3
11.9
6
5.6
9.5
9.3
10.4
9.7
5.1
6.7
10.2
6.2
8.4
7
4.8
5.6
10.5
14.6
10.8
15.5
7.5
6.4
3.4
5.5
6.6
5.9
15
9.6
7.8
7
6.9
4.1
3.6
11.9
3.7
5.7
6.8
11.3
9.3
9.6
10.4
9.3
6.9
9.8
9.1
10.6
4.5
6.2
8.3
3.2
4.9
5
6
8.2
6.3
3.8
6
