'Consumption (BTU)'
2.97
4
5.2
5.56
5.94
5.98
6.35
6.62
6.72
6.78
6.8
6.85
6.94
7.15
7.16
7.23
7.39
7.62
7.62
7.69
7.73
7.87
7.93
8
8.26
8.29
8.37
8.47
8.56
8.58
8.61
8.67
8.69
8.81
9.07
9.27
9.37
9.43
9.52
9.58
9.6
9.76
9.82
9.83
9.83
9.84
9.96
10.04
10.21
10.28
10.28
10.3
10.35
10.36
10.4
10.49
10.5
10.64
10.95
11.09
11.12
11.21
11.29
11.43
11.62
11.7
11.7
12.16
12.19
12.28
12.31
12.62
12.69
12.71
12.91
12.92
13.11
13.38
13.42
13.43
13.47
13.6
13.96
14.24
14.35
15.12
15.24
16.06
16.9
18.26
